124 122 122
-0.1593315 6.123352 -0.6907331
0.8260349 -10.34182 -0.5816043
-0.826035 -10.34182 -0.5430056
-0.3096818 6.132107 -0.6907331
-0.07210636 5.869812 -0.006949782
0.1080715 -11.08927 0.4581654
-0.1271666 -11.08927 0.4581654
-0.313308 5.869812 -0.006949782
1 -0.05205476 -1
-0.9999999 -0.05205452 -1
0.9999998 -0.1425861 0.4881312
-1 -0.1425854 0.3666142
1 0.649315 -1
1 0.2986301 -1
-0.9999997 0.6493154 -1
-0.9999998 0.2986304 -1
0.7453562 0.7033923 0.8155782
1 0.144496 0.6741749
-0.7453559 0.7033928 0.7350588
-1 0.1444967 0.4799719
0.6681333 4.33305 -1
0.6681333 2.945369 -1
1 1.557688 -1
-0.8049297 4.333051 -1
-0.8049297 2.94537 -1
-0.9999997 1.557689 -1
0.7119994 4.317149 0.9493201
0.7319938 2.913568 1
0.6675249 1.392305 1
-0.6504246 4.31715 0.9493201
-0.7482504 2.913568 1
-0.7453559 1.392306 1
0.905849 -8.810489 -0.7800101
1 -5.70067 -1
1 -2.876362 -1
-0.826035 -8.770644 -0.7786776
-1 -5.70067 -1.145373
-0.9999999 -2.876362 -1.145373
0.1080716 -8.202607 0.4471922
0.9999995 -5.745936 0.5393479
0.9999997 -2.944261 0.4294119
-0.2250668 -8.202606 0.4471922
-1 -5.745935 0.5393479
-1 -2.94426 0.4215785
0.6465743 -11.34928 -0.3333333
0.6465741 -11.20406 0.3333334
-0.1915438 6.255051 -0.5137065
-0.04007196 6.200038 -0.3366798
-0.5658119 -11.34928 -0.3333333
-0.565812 -11.20406 0.3333334
-0.2560443 6.259867 -0.5137065
-0.3403878 6.200039 -0.3366798
0.9999999 -0.08223187 -0.3333333
0.9999999 -0.112409 -0.01285851
-1 -0.08223146 -0.3333333
-1 -0.1124084 0.3333334
1 0.6281139 -0.3333333
1 0.6069129 0.3333334
1 0.2472521 -0.3333333
1 0.195874 0.1342986
-0.9999999 0.2472525 -0.3333333
-1 0.1958746 0.3333334
-0.9999998 0.6281144 -0.3333333
-0.9999999 0.6069135 0.3333334
0.9673916 4.32775 -0.3333333
0.9347832 4.32245 0.3333334
1 2.934769 -0.3333333
1 2.924168 0.3333334
1 1.541787 -0.3333333
1 1.525887 0.3333334
-0.9999997 1.541788 -0.3333333
-0.9999998 1.525887 0.3333334
-0.9999997 2.934769 -0.3333333
-0.9999998 2.924169 0.3333334
-0.9673912 4.32775 -0.3333333
-0.9347828 4.32245 0.3333334
0.9811188 -2.898995 -0.3333333
1.433452 -2.921628 0.1861761
0.9811187 -5.715758 -0.3333333
1.433452 -5.730847 -0.4352859
0.9999997 -8.532523 -0.3333333
0.9999995 -8.540067 0.3333334
-1 -8.532523 -0.3333333
-1 -8.540066 0.3333334
-1 -5.715758 -0.3333333
-1.391803 -5.83727 -0.1533569
-1 -2.898995 -0.3333333
-1.391803 -3.028051 -0.1533569
-3.863886 -11.08533 0.173007
-3.863886 -12.87005 0.345925
-3.753686 -11.25626 0.410998
-3.753686 -12.7163 0.1431481
4.380964 -12.51855 0.4812921
3.550107 -10.41733 0.4812921
3.476494 -10.7048 0.4001281
4.221974 -12.54268 0.4001281
12.7957 -8.745403 -0.2423086
11.16073 -10.26441 -0.2901694
12.7957 -8.761089 0.117738
11.59474 -10.05982 -0.501033
-10.8666 -10.07917 -0.2576519
-11.12522 -8.541363 -0.2576519
-10.85135 -9.803145 -0.229044
-11.10997 -8.565659 -0.229044
-0.009246766 -10.72949 2.574625
-0.2485483 -10.72949 2.574625
-0.2284632 -11.94391 2.506106
-0.009246766 -11.94391 2.506106
-10.85697 -6.29527 -0.2576519
-10.85697 -5.71691 0.2576463
-11.11558 -7.923491 -0.2576519
-11.11558 -7.940985 0.2576463
12.81478 -5.865592 -0.2423086
12.81478 -5.881278 0.117738
12.81676 -7.518359 -0.2901694
12.81676 -7.530983 0.2675864
0.4236764 5.065484 -0.8786723
-0.6953033 5.065485 -0.8786723
0.09926146 5.386048 0.1581892
-0.345407 5.386048 0.1581892
0.5857176 5.059042 0.07048207
0.5505967 5.062263 -0.4040951
-0.7742141 5.059043 0.07048207
-0.79403 5.062263 -0.4040951
0 0 -1
0 0 -1
-0.0739699 -0.3333849 0.9398846
-0.06981563 -0.4612404 0.8845242
0 0 -1
0 0 -1
0 0 -1
0 0.03608405 0.9993487
0 0 1
-0.02634298 -0.3113025 0.9499457
0.03630727 0.02571052 -0.9990099
0.07249522 0 -0.9973688
0.03739607 -0.09396636 -0.9948729
-0.01331329 -0.1382141 -0.9903129
-0.03232067 -6.69778e-4 0.9994773
-0.001956701 0.04060375 0.9991734
0 -0.03748607 0.9992971
-0.01313728 -0.2221047 -0.9749343
0 -0.9770845 0.212852
-4.84935e-7 -0.736104 0.6768684
6.2218e-7 0.7065749 0.7076383
0.01256668 0.9518351 0.3063526
0.05078947 0.8040923 -0.5923309
0.9578928 0.1703592 0.2311255
1 -2.44313e-7 -2.25823e-7
1 0 0
1 -5.10246e-7 0
1 -3.65115e-7 0
1 -1.75264e-7 0
-1 4.50678e-7 -7.8957e-7
-1 1.86917e-7 0
-1 1.75264e-7 0
-0.9033557 0.1296452 0.4088286
-1 2.25803e-7 -1.21819e-7
-1 3.2591e-7 0
0.9332518 0.0348494 0.3575284
0.9990777 0.03501474 0.0248512
0.903855 0.01059937 -0.4277077
0.9124271 -0.02014803 0.4087432
1 0 -2.6907e-7
0.9644767 0.1151084 -0.2377704
0.8905487 -0.009056627 0.4547978
1 0 -3.57628e-7
1 0 0
-0.9013944 -0.0703985 0.4272377
-1 0 -1.77004e-7
-1 0 0
-0.93488 -9.26848e-4 0.3549626
-1 0 -1.78814e-7
-0.9872868 0.06926041 -0.1430659
-0.9206901 0.06054985 0.3855693
-0.9990777 0.03501474 0.02485126
-0.9658495 0.01132637 -0.2588561
0.8589724 0.07900828 0.5058894
0.8806945 0.04822629 -0.4712234
0.999896 -0.003346681 0.01402693
0.8143209 -0.05269593 0.5780178
0.9995992 0 0.02831047
0.6252469 -0.05738598 0.7783143
0.7698295 -0.1417474 -0.6223104
0.9978424 -0.01504522 -0.06390839
0.1620113 -0.008364975 0.9867534
0.9916992 -0.1278991 0.01320755
-0.1872159 -0.01600486 0.9821884
-0.9875508 -0.1564686 0.01615744
-0.5522373 -0.0613023 0.8314301
-0.8968402 -0.1016232 -0.4305234
-0.9907504 -0.037404 -0.1304404
-0.8512309 0.01101261 0.5246759
-1 0 0
-0.8412271 0.01684039 0.5404195
-0.9100928 0.09642165 -0.4030311
-1 0 -1.20438e-7
0.1555899 0.05175131 0.9864652
-0.4099346 0.1695261 -0.8962224
0.002540111 -0.3344106 -0.9424241
-0.3126552 0.01008272 -0.9498132
0.1599012 0.02886813 -0.9867109
-0.2624557 -0.02547883 0.9646076
0.5920693 0.4490337 -0.6691955
0.08748614 -0.3180849 -0.9440171
0.3489639 0.01376593 -0.937035
0.408079 0.1633038 -0.8982224
0.009605467 0.007415652 -0.9999265
-0.1150245 -0.2561381 0.9597722
0.2042636 0.4658297 0.8609757
0.4422276 0.8767134 -0.1892312
-0.007352471 -4.36658e-4 -0.9999728
-0.007650673 -4.88937e-4 0.9999706
-0.4766964 0.8460904 -0.2385194
0.2306152 -0.5350888 0.8127095
1.07298e-6 0.6440529 0.764981
-0.9982292 -0.02798175 -0.05249303
0.9984596 -7.78492e-4 0.05547833
-1.93663e-6 -0.922864 -0.3851261
0 -0.05633103 0.9984122
-0.9995445 -0.001354336 0.03015303
0.9995949 0.007519245 -0.02744919
-0.3587172 0.188061 -0.9143059
0 0 1
0.9885177 -0.1327235 0.07223027
-0.999978 0.006626307 2.88688e-4
0.6708362 -0.2650943 -0.6926065
0.09445452 0.1187893 -0.9884166
-0.1375718 0.04096221 0.9896445
0.9999994 0.001198351 3.69651e-5
0.001202464 0.1743288 -0.9846868
0 0.1634231 -0.9865561
0 0.3230584 0.9463791
1.5698e-7 0.594914 0.8037894
0.6824586 0.6039161 0.411747
0.5402022 0.5027478 0.6748527
0.8868581 0.4620396 0.001497268
0.8634263 0.4604539 -0.2060998
0.8371689 0.5005808 -0.2203791
0.8601119 0.3986793 -0.3182175
-0.6134416 0.4130161 0.6731325
-0.7162343 0.4802652 0.5063138
-0.9263092 0.3726274 -0.0556764
-0.9718219 0.2311112 0.04636716
-0.9157196 0.3782269 -0.135654
-0.9569517 0.1921046 -0.2175759
4 12 13 15 14       0 0 0 0
4 13 8 9 15       1 1 1 1
4 18 19 17 16       2 2 2 2
4 19 11 10 17       3 3 3 3
4 20 21 24 23       4 4 4 4
4 21 22 25 24       5 5 5 5
4 22 12 14 25       6 6 6 6
4 29 30 27 26       7 7 7 7
4 30 31 28 27       8 8 8 8
4 31 18 16 28       9 9 9 9
4 8 34 37 9       10 10 10 10
4 34 33 36 37       11 11 11 11
4 33 32 35 36       12 12 12 12
4 32 1 2 35       13 13 13 13
4 11 43 40 10       14 14 14 14
4 43 42 39 40       15 15 15 15
4 42 41 38 39       16 16 16 16
4 1 44 48 2       17 17 17 17
4 44 45 49 48       18 18 18 18
4 45 5 6 49       19 19 19 19
4 4 47 51 7       20 20 20 20
4 47 46 50 51       21 21 21 21
4 46 0 3 50       22 22 22 22
4 17 59 57 16       23 23 23 23
4 59 58 56 57       24 24 24 24
4 58 13 12 56       25 25 25 25
4 10 53 59 17       26 26 26 26
4 53 52 58 59       27 27 27 27
4 52 8 13 58       28 28 28 28
4 19 61 55 11       29 29 29 29
4 61 60 54 55       30 30 30 30
4 60 15 9 54       31 31 31 31
4 18 63 61 19       32 32 32 32
4 63 62 60 61       33 33 33 33
4 62 14 15 60       34 34 34 34
4 27 67 65 26       35 35 35 35
4 67 66 64 65       36 36 36 36
4 66 21 20 64       37 37 37 37
4 28 69 67 27       38 38 38 38
4 69 68 66 67       39 39 39 39
4 68 22 21 66       40 40 40 40
4 16 57 69 28       41 41 41 41
4 57 56 68 69       42 42 42 42
4 56 12 22 68       43 43 43 43
4 31 71 63 18       44 44 44 44
4 71 70 62 63       45 45 45 45
4 70 25 14 62       46 46 46 46
4 30 73 71 31       47 47 47 47
4 73 72 70 71       48 48 48 48
4 72 24 25 70       49 49 49 49
4 29 75 73 30       50 50 50 50
4 75 74 72 73       51 51 51 51
4 74 23 24 72       52 52 52 52
4 40 77 53 10       53 53 53 53
4 77 76 52 53       54 54 54 54
4 76 34 8 52       55 55 55 55
4 39 79 77 40       56 56 56 56
4 78 33 34 76       57 57 57 57
4 38 81 79 39       58 58 58 58
4 81 80 78 79       59 59 59 59
4 80 32 33 78       60 60 60 60
4 5 45 81 38       61 61 61 61
4 45 44 80 81       62 62 62 62
4 41 83 49 6       63 63 63 63
4 83 82 48 49       64 64 64 64
4 42 85 83 41       65 65 65 65
4 85 84 82 83       66 66 66 66
4 84 36 35 82       67 67 67 67
4 43 87 85 42       68 68 68 68
4 86 37 36 84       69 69 69 69
4 11 55 87 43       70 70 70 70
4 55 54 86 87       71 71 71 71
4 54 9 37 86       72 72 72 72
4 48 82 88 89       73 73 73 73
4 82 35 90 88       74 74 74 74
4 2 48 89 91       75 75 75 75
4 35 2 91 90       76 76 76 76
4 88 90 91 89       77 77 77 77
4 80 44 92 93       78 78 78 78
4 32 80 93 94       79 79 79 79
4 44 1 95 92       80 80 80 80
4 1 32 94 95       81 81 81 81
4 92 95 94 93       82 82 82 82
4 78 76 96 97       83 83 83 83
4 77 79 99 98       84 84 84 84
4 79 78 97 99       85 85 85 85
4 76 77 98 96       86 86 86 86
4 86 84 100 101       87 87 87 87
4 85 87 103 102       88 88 88 88
4 87 86 101 103       89 89 89 89
4 84 85 102 100       90 90 90 90
4 38 41 105 104       91 91 91 91
4 41 6 106 105       92 92 92 92
4 5 38 104 107       93 93 93 93
4 6 5 107 106       94 94 94 94
4 105 106 107 104       95 95 95 95
4 100 102 109 108       96 96 96 96
4 103 101 110 111       97 97 97 97
4 102 103 111 109       98 98 98 98
4 101 100 108 110       99 99 99 99
4 111 110 108 109       100 100 100 100
4 96 98 113 112       101 101 101 101
4 99 97 114 115       102 102 102 102
4 98 99 115 113       103 103 103 103
4 97 96 112 114       104 104 104 104
4 115 114 112 113       105 105 105 105
4 0 116 117 3       106 106 106 106
4 116 20 23 117       107 107 107 107
4 7 119 118 4       108 108 108 108
4 119 29 26 118       109 109 109 109
4 65 120 118 26       110 110 110 110
4 120 47 4 118       111 111 111 111
4 64 121 120 65       112 112 112 112
4 121 46 47 120       113 113 113 113
4 116 0 46 121       114 114 114 114
4 121 64 20 116       115 115 115 115
4 51 122 119 7       116 116 116 116
4 122 75 29 119       117 117 117 117
4 50 123 122 51       118 118 118 118
4 123 74 75 122       119 119 119 119
4 3 117 123 50       120 120 120 120
4 117 23 74 123       121 121 121 121
